# YOLOv5 Hyperparameter Evolution Results
# Best generation: 9
# Last generation: 100
#    metrics/precision,       metrics/recall,      metrics/mAP_0.5, metrics/mAP_0.5:0.95,         val/box_loss,         val/obj_loss,         val/cls_loss
#              0.79838,              0.72757,              0.74102,              0.25256,             0.062257,            0.0057881,                    0

lr0: 0.00831
lrf: 0.10447
momentum: 0.98
weight_decay: 0.00058
warmup_epochs: 3.6105
warmup_momentum: 0.70371
warmup_bias_lr: 0.08389
box: 0.03159
cls: 0.3897
cls_pw: 0.86521
obj: 1.12857
obj_pw: 0.97238
iou_t: 0.2
anchor_t: 4.19317
fl_gamma: 0.0
hsv_h: 0.01579
hsv_s: 0.81122
hsv_v: 0.48093
degrees: 0.0
translate: 0.06887
scale: 0.65795
shear: 0.0
perspective: 0.0
flipud: 0.0
fliplr: 0.5
mosaic: 0.95106
mixup: 0.0
copy_paste: 0.0
anchors: 2.43679
